<Trace>
391
CsPbBr3-anion-5
X	Y
410	340.03006
411	270.018951
412	360.0337
413	260.017578
414	310.025
415	280.0204
416	220.012589
417	300.0234
418	330.02832
419	200.0104
420	260.017578
421	170.0075
422	200.0104
423	210.011459
424	200.0104
425	250.016251
426	330.02832
427	160.006653
428	330.02832
429	330.02832
430	140.0051
431	180.008423
432	140.0051
433	160.006653
434	200.0104
435	270.018951
436	210.011459
437	170.0075
438	140.0051
439	240.014984
440	320.026642
441	210.011459
442	340.03006
443	260.017578
444	200.0104
445	270.018951
446	170.0075
447	220.012589
448	130.0044
449	220.012589
450	280.0204
451	240.014984
452	320.026642
453	280.0204
454	270.018951
455	220.012589
456	300.0234
457	200.0104
458	210.011459
459	210.011459
460	160.006653
461	190.009384
462	230.013748
463	210.011459
464	200.0104
465	250.016251
466	220.012589
467	180.008423
468	230.013748
469	200.0104
470	180.008423
471	210.011459
472	180.008423
473	220.012589
474	190.009384
475	260.017578
476	220.012589
477	190.009384
478	150.005844
479	220.012589
480	210.011459
481	180.008423
482	260.017578
483	140.0051
484	220.012589
485	210.011459
486	230.013748
487	240.014984
488	210.011459
489	200.0104
490	270.018951
491	140.0051
492	270.018951
493	170.0075
494	310.025
495	250.016251
496	210.011459
497	190.009384
498	210.011459
499	170.0075
500	290.021881
501	250.016251
502	220.012589
503	260.017578
504	260.017578
505	190.009384
506	260.017578
507	220.012589
508	240.014984
509	300.0234
510	210.011459
511	260.017578
512	210.011459
513	260.017578
514	240.014984
515	210.011459
516	240.014984
517	210.011459
518	270.018951
519	290.021881
520	290.021881
521	220.012589
522	160.006653
523	250.016251
524	280.0204
525	200.0104
526	220.012589
527	290.021881
528	230.013748
529	230.013748
530	250.016251
531	160.006653
532	240.014984
533	230.013748
534	130.0044
535	260.017578
536	160.006653
537	160.006653
538	350.03186
539	300.0234
540	180.008423
541	210.011459
542	230.013748
543	260.017578
544	310.025
545	250.016251
546	210.011459
547	290.021881
548	210.011459
549	280.0204
550	200.0104
551	350.03186
552	230.013748
553	300.0234
554	220.012589
555	210.011459
556	270.018951
557	250.016251
558	290.021881
559	220.012589
560	360.0337
561	240.014984
562	360.0337
563	310.025
564	310.025
565	230.013748
566	280.0204
567	180.008423
568	270.018951
569	310.025
570	190.009384
571	210.011459
572	360.0337
573	220.012589
574	450.052673
575	340.03006
576	290.021881
577	330.02832
578	170.0075
579	270.018951
580	450.052673
581	450.052673
582	270.018951
583	510.067627
584	250.016251
585	320.026642
586	350.03186
587	360.0337
588	370.035583
589	370.035583
590	470.057434
591	430.0481
592	350.03186
593	430.0481
594	430.0481
595	270.018951
596	340.03006
597	480.0599
598	430.0481
599	600.0936
600	540.0758
601	450.052673
602	480.0599
603	540.0758
604	700.127441
605	700.127441
606	630.1032
607	710.1311
608	830.179138
609	830.179138
610	740.1424
611	960.2397
612	960.2397
613	1000.26007
614	1210.38086
615	1160.35
616	1230.39355
617	1430.532
618	1520.60107
619	1840.88086
620	1680.73425
621	2061.104
622	1600.666
623	2271.34082
624	2761.98242
625	2651.82764
626	2922.219
627	3362.93872
628	3483.15259
629	3934.02124
630	4174.528
631	4565.415
632	4745.851
633	5227.09766
634	5969.255
635	6781.945
636	6812.051
637	7765.658
638	8338.05
639	9071.361
640	9724.546
641	9885.364
642	11293.0938
643	13225.373
644	14121.7236
645	14776.626
646	15461.9932
647	16803.1973
648	18609.7539
649	20276.5215
650	22207.7363
651	23341.0781
652	25113.2637
653	27739.1
654	28358.0625
655	30195.8281
656	34803.0352
657	36086.4727
658	38288.65
659	40381.01
660	43856.2969
661	45125.32
662	49573.5039
663	51092.75
664	54196.5664
665	56594.66
666	61286.27
667	63672.55
668	66144.59
669	70143.83
670	73060.42
671	76241.55
672	79813.58
673	81742.94
674	85137.0547
675	89228.4
676	91712.5547
677	94536.02
678	96343.54
679	99047.47
680	96501.25
681	94325.96
682	98836.9141
683	96879.81
684	96448.68
685	93265.48
686	91576.21
687	89144.6
688	86245.36
689	83726.47
690	79167.4141
691	75627.78
692	70755.84
693	65720.3
694	61905.8
695	57872.1172
696	53661.7773
697	51554.92
698	47030.4258
699	42802.83
700	40575.05
701	35954.0156
702	35139.09
703	31354.2188
704	29159.9648
705	27049.3438
706	25174.0547
707	23017.1973
708	20589.832
709	19458.11
710	17327.832
711	16571.1934
712	14867.3223
713	12832.7217
714	12581.0645
715	10810.3271
716	9905.467
717	9493.394
718	8669.513
719	7785.73926
720	7183.39941
721	7012.771
722	6009.37939
723	5417.624
724	4996.48535
725	4264.72559
726	3893.9397
727	3813.7793
728	3803.75928
729	3362.93872
730	2761.98242
731	2521.65259
732	2291.3645
733	2241.30566
734	2011.05115
735	1710.76074
736	1380.49536
737	1400.50989
738	1380.49536
739	1370.48828
740	1220.38721
741	1200.37451
742	1040.28137
743	980.2498
744	750.1463
745	810.170654
746	790.1623
747	470.057434
748	790.1623
749	640.1065
750	550.0787
751	600.0936
752	560.081543
753	390.039551
754	500.065
755	500.065
756	370.035583
757	380.037537
758	300.0234
759	430.0481
760	360.0337
761	360.0337
762	360.0337
763	240.014984
764	380.037537
765	200.0104
766	360.0337
767	400.0416
768	280.0204
769	200.0104
770	220.012589
771	280.0204
772	300.0234
773	260.017578
774	440.050354
775	260.017578
776	220.012589
777	250.016251
778	270.018951
779	360.0337
780	430.0481
781	280.0204
782	330.02832
783	390.039551
784	340.03006
785	320.026642
786	440.050354
787	330.02832
788	360.0337
789	390.039551
790	380.037537
791	540.0758
792	640.1065
793	1150.344
794	5287.26172
795	20721.2363
796	52644.03
797	67573.42
798	51739.82
799	26653.8613
800	9503.443
</Trace>
